============================Class Partitions Description============================

This file denotes the class partitions used in 'Recent Advances in Open Set Recognition: A Survey'
The digit denotes the corresponding class in the specific dataset.


---------------------------------------- * LETTER* ----------------------------------------------------------------------
For LETTER:

1. known_class = [2,5,16,7,4,26,9,10,17,21]; unknown_class = [20,23,19,13,11,14,1,24,12,22,15,3,8,6,18,25];
2. known_class = [9,7,25,17,6,21,22,19,18,2]; unknown_class = [4,13,15,23,12,16,10,24,11,1,5,3,26,8,20,14];
3. known_class = [16,14,24,19,21,2,9,7,4,11]; unknown_class = [22,6,5,8,3,12,15,25,20,13,1,23,26,17,10,18];
4. known_class = [18,15,21,4,16,10,6,12,20,5]; unknown_class = [3,13,22,14,23,19,1,8,11,26,2,25,17,9,24,7];
5. known_class = [20,26,12,21,2,9,17,6,23,14]; unknown_class = [22,4,24,7,16,15,13,11,19,1,8,5,10,18,25,13];

---------------------------------------- * PENDIGITS* ----------------------------------------------------------------------
For PENDIGITS:

1. known_class = [4,2,1,9,6]; unknown_class = [7,8,0,5,3];
2. known_class = [9,0,4,6,5]; unknown_class = [7,1,8,2,3]; 
3. known_class = [9,1,4,5,3]; unknown_class = [7,6,8,0,2];
4. known_class = [4,8,2,9,0]; unknown_class = [5,1,7,6,3];
5. known_class = [0,1,2,3,5]; unknown_class = [4,7,8,6,9];


---------------------------------------- * COIL20_95* ----------------------------------------------------------------------
For COIL20_95:

1. known_class = [12,10,14,1,17,20,15,6,2,13]; unknown_class =[3,7,11,9,5,4,18,19,16,8];
2. known_class =[20,14,8,15,6,4,19,18,10,9];  unknown_class = [5,13,12,3,11,16,17,7,2,1];
3. known_class =[5,4,9,10,19,12,14,8,17,7];   unknown_class=[6,11,13,15,1,20,3,16,2,18];
4. known_class =[2,7,18,19,20,17,16,15,6,3]; unknown_class =[13,5,1,12,9,4,11,14,8,10];
5. known_class =[1,9,13,18,7,8,12,17,4,5]; unknown_class =[19,11,20,10,16,2,6,14,3,15];

---------------------------------------- * YALEB_95* ----------------------------------------------------------------------
For YALEB_95:

1. known_class = [2,5,16,7,4,26,9,10,17,21]; unknown_class =[23,34,19,11,8,33,29,14,3,12,35,18,37,6,28,25,15,20,38,27,31,1,22,24,13,32,30,36];
2. known_class = [33,37,35,34,26,18,13,24,9,3]; unknown_class = [38,29,22,1,23,27,11,30,31,4,36,32,7,19,16,14,5,21,17,8,12,28,20,2,6,25,10,15];
3. known_class = [23,37,22,20,18,29,5,9,12,4]; unknown_class = [24,34,38,14,25,31,35,19,36,17,33,6,7,10,27,28,15,30,16,21,3,26,13,32,2,1,8,11];
4. known_class =[36,34,27,8,15,3,9,5,24,4]; unknown_class=[29,31,12,16,37,13,30,23,2,14,22,26,10,32,21,38,20,18,7,28,33,17,25,6,1,11,35,19];
5. known_class =[17,9,6,1,28,8,21,15,34,22]; unknown_class = [18,3,35,36,38,23,7,29,33,26,27,10,19,37,16,12,31,32,25,5,4,11,30,20,13,2,14,24];


